Dump of all directories on: PS:

STR:<DIRECTORY-NAME>
 PASSWORD
 LOGGED IN QUOTA
 CAPABILITIES
 FILES ONLY, ALPHA ACCTS, REPEAT LMSG
 LOGGED OUT QUOTA
 DIRECTORY NUMBER
 DEFAULT FILE PROTECTION
 DIRECTORY PROTECTION
 DEFAULT RETENTION SPECIFICATION
 LAST LOGIN
 USER GROUPS
 DIRECTORY GROUPS
 MAXIMUM SUBDIRECTORIES
 CREATABLE USER GROUPS
 DEFAULT DIRECTORY ACCOUNT

&PS:<ROOT-DIRECTORY>
 
 377777000000
 0
 600000000000
 377777000000
 1
 500000777752
 500000777740
 5
 0
 0
 0
 377777
 0
SYSF
&PS:<ACCOUNTS>
 
 377777000000
 0
 600000000000
 377777000000
 4
 500000775202
 500000774040
 0
 0
 0
 0
 10
 0

&PS:<ACCOUNTS.1983>
 
 372
 0
 600000000000
 372
 327
 500000775202
 500000774040
 0
 0
 0
 0
 0
 0
OPERATOR
&PS:<ACCOUNTS.1984>
 
 372
 0
 600000000000
 372
 325
 500000775202
 500000774040
 0
 0
 0
 0
 0
 0
OPERATOR
&PS:<ACCOUNTS.1985>
 
 1274
 0
 600000000000
 1274
 342
 500000775202
 500000774040
 0
 0
 0
 0
 0
 0
OPERATOR
&PS:<ACTION>
 
 5670
 0
 200000000000
 1750
 72
 500000775202
 500000777740
 1
 131471526377
 0
 3,0
 5
 0
OPERATOR
&PS:<ANDREA>
 002604713154315070702601
 1750
 0
 200000000000
 1750
 132
 500000775202
 500000777740
 1
 132550627323
 9,0
 0
 0
 0
BIB
&PS:<ANGELA>
 003223441134060436633375
 764
 0
 200000000000
 372
 646
 500000775202
 500000774040
 0
 134620522165
 3,9,33,0
 3,0
 10
 0
DOCS
&PS:<ANONYMOUS>
 002224270761327025121216
 0
 0
 200000000000
 0
 73
 500000775252
 500000777754
 0
 134620725157
 0
 0
 6
 0
QUERY
&PS:<ANONYMOUS.KERMIT>
 003050172142136446147725
 144
 0
 200000000000
 144
 225
 500000775202
 500000777740
 0
 134620523601
 0
 3,0
 0
 0
QUERY
&PS:<ANONYMOUS.NICGUEST>
 000732021423153500332407
 0
 0
 200000000000
 0
 122
 500000775202
 500000774040
 0
 134620722020
 18,0
 0
 0
 0
QUERY
&PS:<ANONYMOUS.PERFORMANCE>
 003056215131005257642276
 144
 0
 200000000000
 144
 465
 500000775202
 500000774040
 0
 134025574224
 19,0
 0
 0
 0
PERFORMANCE
&PS:<ANONYMOUS.REGISTER>
 002673153215177472057501
 144
 0
 600000000000
 144
 140
 500000775202
 500000774040
 0
 134607040076
 0
 0
 0
 0
REGISTER
&PS:<ANONYMOUS.TACNEWS>
 001123005057140403176126
 0
 0
 200000000000
 0
 65
 500000775202
 500000774040
 0
 134620706251
 0
 0
 0
 0
QUERY
&PS:<APRIL>
 003040022345334726777110
 3720
 0
 200000000000
 1750
 366
 500000775200
 500000770000
 0
 134620635243
 3,9,26,8,16,17,10366,33,0
 3,0
 0
 0
BIB
&PS:<APRIL.HUBBA>
 
 764
 0
 600000000000
 764
 167
 500000775202
 500000774040
 0
 134227646744
 0
 3,0
 10
 0
DOCCENTER
&PS:<APRIL.PERILLO>
 002074102512050762750320
 310
 0
 600000000000
 226
 210
 500000775200
 500000777740
 0
 134530615357
 0
 3,0
 4
 3,0
REF
&PS:<AUDIT-TRAIL>
 
 377777000000
 0
 600000000000
 377777000000
 205
 500000777702
 500000777740
 0
 0
 0
 24,0
 10
 0

&PS:<AUDIT-TRAIL.ARPA>
 
 62
 0
 600000000000
 62
 652
 500000775202
 500000774040
 0
 0
 0
 24,0
 0
 0

&PS:<AUDIT-TRAIL.OLD>
 
 1750
 0
 600000000000
 1750
 656
 500000775202
 500000774040
 0
 0
 0
 24,0
 0
 0

&PS:<AUDIT-TRAIL.PDCDAT>
 
 144
 0
 600000000000
 144
 201
 500000775202
 500000774040
 0
 0
 0
 24,0
 0
 0

&PS:<AUDIT-TRAIL.PDCFUD>
 
 764
 0
 600000000000
 764
 644
 500000775202
 500000774040
 0
 0
 0
 24,0
 0
 0

&PS:<AUDIT-TRAIL.UNIX>
 
 764
 0
 600000000000
 764
 211
 500000775202
 500000774040
 0
 0
 0
 24,0
 0
 0

&PS:<AUDIT-TRAIL.UNIX.REPORTS>
 
 764
 0
 600000000000
 764
 241
 500000775202
 500000774040
 0
 0
 0
 24,0
 0
 0

&PS:<AUGMENT-ARCHIVE>
 
 1750
 0
 600000000000
 764
 663
 500000775202
 500000774040
 0
 0
 0
 0
 10
 0
SYSF
&PS:<AUGMENT-ARCHIVE.TYMSHARE>
 001652627035246735776326
 116100
 0
 600000000000
 7640
 664
 500000775252
 500000776060
 0
 134421501041
 4,0
 0
 4
 0
ASSOC
&PS:<AUGMENT-ARCHIVE.TYMSHARE.AUGMAIL>
 
 23420
 0
 600000000000
 1750
 701
 500000777702
 500000777740
 1
 0
 0
 4,0
 0
 0
ASSOC
&PS:<BBOARD>
 
 23420
 0
 600000000000
 15530
 111
 500000775252
 500000777740
 1
 0
 0
 3,0
 5
 0
SYSF
&PS:<BELMONTE>
 000613261144330231630615
 3720
 4400
 200000000000
 3720
 215
 500000775200
 500000775240
 0
 134616745772
 3,16,12,8,22,25,26,0
 0
 10
 0
DB
&PS:<BIBLIO>
 
 33260
 0
 600000000000
 23420
 103
 500000777752
 500000777740
 0
 0
 0
 9,0
 1
 0
BIB
&PS:<BIBLIO.OLD>
 
 1750
 0
 600000000000
 1750
 362
 500000775202
 500000775040
 0
 0
 0
 3,0
 0
 0
BIB
&PS:<BIBTEST>
 001007666630371533631664
 0
 0
 200000000000
 0
 125
 500000775202
 500000774040
 0
 133140737737
 0
 0
 10
 0
BIB
&PS:<BILLW>
 002623043641203125406746
 764
 0
 200000000000
 764
 157
 500000775200
 500000776060
 0
 134511670221
 13,0
 0
 4
 0
CF
&PS:<BLACKJACK>
 
 764
 0
 600000000000
 764
 440
 500000775202
 500000000000
 0
 0
 0
 0
 10
 0

&PS:<C>
 
 263540
 0
 600000000000
 257620
 216
 500000777700
 500000777740
 0
 0
 0
 21,0
 1736
 21,0
SYSF
&PS:<C.CCMD>
 
 3720
 0
 600000000000
 3720
 223
 500000775202
 500000774040
 0
 0
 21,0
 21,0
 0
 21,0
SYSF
&PS:<C.DIST>
 
 1750
 0
 600000000000
 764
 231
 500000777700
 500000777740
 0
 0
 21,0
 21,0
 12
 21,0
SYSF
&PS:<C.GCC>
 
 11610
 0
 600000000000
 11610
 232
 500000777752
 500000777760
 0
 0
 21,0
 21,0
 0
 21,0
SYSF
&PS:<C.GNU>
 
 764
 0
 600000000000
 764
 237
 500000775202
 500000774040
 0
 0
 21,0
 21,0
 12
 21,0
SYSF
&PS:<C.GNU.LIB>
 
 23420
 0
 600000000000
 21450
 243
 500000777752
 500000777760
 0
 0
 0
 21,0
 0
 0
SYSF
&PS:<C.INCLUDE>
 
 11610
 0
 600000000000
 3720
 246
 500000777752
 500000777760
 0
 0
 0
 21,0
 144
 0
SYSF
&PS:<C.INCLUDE.SYS>
 
 144
 0
 600000000000
 144
 254
 500000777752
 500000777760
 0
 0
 0
 21,0
 0
 0
CF
&PS:<C.ITS>
 
 3720
 0
 600000000000
 3720
 151
 500000777700
 500000777740
 0
 0
 21,0
 21,0
 3
 21,0
SYSF
&PS:<C.ITS.INCLUDE>
 
 0
 0
 600000000000
 0
 346
 500000775202
 500000774040
 0
 0
 21,0
 21,0
 2
 21,0
SYSF
&PS:<C.ITS.INCLUDE.SYS>
 
 764
 0
 600000000000
 764
 501
 500000775202
 500000774040
 0
 0
 21,0
 21,0
 0
 21,0
SYSF
&PS:<C.ITS.LIB>
 
 2734
 0
 600000000000
 2734
 510
 500000775202
 500000774040
 0
 0
 21,0
 21,0
 5
 21,0
SYSF
&PS:<C.ITS.LIB.ITS>
 
 764
 0
 600000000000
 764
 515
 500000775202
 500000774040
 0
 0
 21,0
 21,0
 0
 21,0
SYSF
&PS:<C.ITS.LIB.MATH>
 
 764
 0
 600000000000
 764
 517
 500000775202
 500000774040
 0
 0
 21,0
 21,0
 0
 21,0
SYSF
&PS:<C.ITS.LIB.STDIO>
 
 764
 0
 600000000000
 764
 650
 500000775202
 500000774040
 0
 0
 21,0
 21,0
 0
 21,0
SYSF
&PS:<C.ITS.LIB.USYS>
 
 764
 0
 600000000000
 764
 661
 500000775202
 500000774040
 0
 0
 21,0
 21,0
 0
 21,0
SYSF
&PS:<C.KCC>
 
 24404
 0
 600000000000
 12574
 260
 500000777700
 500000777740
 0
 0
 21,0
 21,0
 50
 21,0
SYSF
&PS:<C.KCC.CC>
 
 47040
 0
 600000000000
 5670
 262
 500000777700
 500000777740
 0
 0
 21,0
 21,0
 0
 21,0
SYSF
&PS:<C.KCC.OCC>
 
 1750
 0
 600000000000
 1750
 267
 500000777700
 500000777740
 0
 0
 21,0
 21,0
 12
 21,0
SYSF
&PS:<C.KCC.OLIB>
 
 1750
 0
 600000000000
 1750
 272
 500000777700
 500000777740
 0
 0
 21,0
 21,0
 0
 21,0
SYSF
&PS:<C.LIB>
 
 100514
 0
 600000000000
 30470
 276
 500000777752
 500000777740
 0
 0
 0
 21,0
 12
 21,0
SYSF
&PS:<C.LIB.MATH>
 
 2114
 0
 600000000000
 2114
 301
 500000777752
 500000777760
 0
 0
 21,0
 21,0
 0
 21,0
SYSF
&PS:<C.LIB.NETWORK>
 
 764
 0
 600000000000
 764
 307
 500000777752
 500000777760
 0
 0
 21,0
 21,0
 0
 21,0
SYSF
&PS:<C.LIB.PML>
 
 1750
 0
 600000000000
 1750
 312
 500000777752
 500000777760
 0
 0
 21,0
 21,0
 0
 21,0
SYSF
&PS:<C.LIB.PML.COMPLEX>
 
 144
 0
 600000000000
 144
 313
 500000777752
 500000777760
 0
 0
 21,0
 21,0
 0
 21,0
SYSF
&PS:<C.LIB.STDIO>
 
 25370
 0
 600000000000
 23420
 332
 500000777752
 500000777760
 0
 0
 0
 21,0
 0
 0
SYSF
&PS:<C.LIB.STDIO.NEW>
 
 764
 0
 600000000000
 764
 333
 500000775202
 500000774040
 0
 0
 0
 21,0
 0
 0
SYSF
&PS:<C.LIB.TEST>
 
 11610
 0
 600000000000
 11610
 337
 500000777752
 500000777760
 0
 0
 21,0
 21,0
 0
 21,0
SYSF
&PS:<C.LIB.USYS>
 
 11610
 0
 600000000000
 4704
 341
 500000777752
 500000777760
 0
 0
 21,0
 21,0
 0
 21,0
SYSF
&PS:<C.LIB.USYS.NEW>
 
 764
 0
 600000000000
 764
 344
 500000775202
 500000774040
 0
 0
 21,0
 21,0
 0
 21,0
SYSF
&PS:<C.USER>
 
 15530
 0
 600000000000
 16514
 351
 500000777752
 500000777760
 0
 0
 21,0
 21,0
 12
 21,0
SYSF
&PS:<C.USER.COMPRESS>
 
 3720
 0
 600000000000
 3720
 357
 500000777752
 500000777760
 0
 0
 21,0
 21,0
 0
 21,0
SYSF
&PS:<C.USER.MAKE>
 
 3720
 0
 600000000000
 3720
 360
 500000777752
 500000777760
 0
 0
 21,0
 21,0
 0
 21,0
SYSF
&PS:<C.USER.NCREF>
 
 1750
 0
 600000000000
 764
 361
 500000775202
 500000774040
 0
 0
 21,0
 21,0
 0
 21,0
SYSF
&PS:<C.X3J11>
 
 7640
 0
 600000000000
 11610
 121
 500000777700
 500000777740
 0
 0
 21,0
 21,0
 12
 21,0
SYSF
&PS:<CANNON>
 SAM
 1750
 0
 200000000000
 1750
 660
 500000775202
 500000774040
 0
 134477637742
 6,0
 0
 10
 0
SAM
&PS:<CATALOG>
 
 17500
 0
 600000000000
 7640
 364
 500000777752
 500000777740
 0
 0
 0
 9,0
 10
 0
BIB
&PS:<CLARK>
 
 1274
 0
 600000000000
 764
 651
 500000775202
 500000774040
 0
 134440705604
 0
 0
 10
 0
ADM
&PS:<COMPSRC>
 
 47040
 0
 600000000000
 3720
 261
 500000777702
 500000777740
 0
 0
 0
 3,4,0
 4
 0
AUGF
&PS:<CORRIGAN>
 003320471111251136335006
 1212
 0
 200000000000
 764
 427
 500000775202
 500000774040
 0
 134603062710
 34,0
 3,34,0
 4
 0
DCA
&PS:<CROSS>
 001475617440155664017254
 1750
 0
 600000000000
 764
 106
 500000775202
 500000774040
 0
 134254645333
 2,10106,3,0
 0
 0
 0
APP
&PS:<CSLC>
 
 23420
 0
 600000000000
 1750
 227
 500000777700
 500000777740
 0
 0
 0
 3,0
 4
 0
BIB
&PS:<DAVIS>
 003543365205057552151510
 372
 0
 200000000000
 144
 504
 500000775202
 500000774040
 0
 134327552175
 0
 0
 10
 0
ASSOC
&PS:<DDN-NEWS>
 
 23420
 0
 600000000000
 1750
 172
 500000777752
 500000777740
 0
 130736053235
 34,0
 3,34,0
 4
 34,0
REF
&PS:<DDN-NSO>
 001104377744107475661751
 23420
 0
 200000000000
 23420
 424
 500000770000
 500000774040
 0
 133023361052
 34,0
 30,0
 10
 0
DCA
&PS:<DDN-PMO>
 003434101253177361476712
 23420
 0
 200000000000
 1750
 266
 500000775200
 500000777060
 0
 134616576225
 34,0
 34,0
 4
 34,0
DCA
&PS:<DEBRA>
 002700027572334325640700
 6654
 4400
 200000000000
 6654
 270
 500000775200
 500000774000
 3
 134620703070
 3,16,12,8,22,25,19,26,0
 3,0
 0
 0
DB
&PS:<DECCO>
 000432405411050775262531
 1750
 0
 200000000000
 1750
 102
 500000775202
 500000777740
 1
 131333657012
 0
 0
 0
 0
DCA
&PS:<DLE>
 001460651105354215543713
 764
 4000
 200000000000
 764
 422
 500000775202
 500000774040
 1
 134545137707
 1,0
 0
 10
 0
ASSOC
&PS:<DOCUMENTATION>
 
 33734
 0
 600000000000
 26044
 407
 500000775202
 500000777752
 1
 0
 0
 0
 3
 0
SYSF
&PS:<DOCUMENTATION.JSYS>
 
 1274
 0
 600000000000
 1274
 410
 500000775202
 500000774040
 0
 0
 0
 0
 0
 0
SYSF
&PS:<DOCUMENTS>
 
 1046
 0
 600000000000
 1025
 411
 500000777700
 500000775600
 0
 0
 0
 3,0
 12
 0
DOCS
&PS:<DOCUMENTS.AIB>
 
 226
 0
 600000000000
 310
 131
 500000775202
 500000777740
 0
 0
 0
 3,0
 0
 0
DOCS
&PS:<DOCUMENTS.AUDIT>
 
 764
 0
 600000000000
 620
 376
 500000775202
 500000777740
 0
 0
 0
 3,0
 0
 0
DOCS
&PS:<DOCUMENTS.NEWS>
 
 372
 0
 600000000000
 226
 322
 500000777700
 500000777740
 2
 0
 0
 3,0
 0
 0

&PS:<DOCUMENTS.NUG>
 
 1440
 0
 600000000000
 1130
 26
 500000775202
 500000777740
 0
 0
 0
 3,0
 0
 0
DOCS
&PS:<DOCUMENTS.PH>
 
 1274
 0
 600000000000
 310
 317
 500000775202
 500000777740
 0
 0
 0
 3,0
 0
 0
DOCS
&PS:<DOCUMENTS.SAM>
 
 454
 0
 600000000000
 226
 454
 500000777700
 500000777700
 0
 0
 0
 3,0
 0
 0
SAM
&PS:<DOCUMENTS.STANDARDS>
 
 144
 0
 600000000000
 144
 116
 500000777752
 500000777740
 0
 0
 0
 3,10134,0
 0
 0
DOCS
&PS:<DOCUMENTS.SVCS>
 
 1750
 0
 600000000000
 1750
 233
 500000777700
 500000775040
 0
 0
 0
 3,0
 0
 0
DOCS
&PS:<DOCUMENTS.VEND>
 
 5670
 0
 600000000000
 5670
 323
 500000777700
 500000777740
 4
 0
 0
 3,0
 0
 0

&PS:<DOCUMENTS.YAHN>
 
 310
 0
 600000000000
 144
 353
 500000777700
 500000777740
 0
 0
 0
 3,0
 0
 0
REF
&PS:<DOMAIN>
 000725304232071035505773
 107060
 4400
 200000000000
 57664
 230
 500000777752
 500000777740
 0
 134620612335
 25,0
 1,25,0
 6
 0
ASSOC
&PS:<DOMAIN.LOCAL>
 
 23420
 0
 600000000000
 23420
 500
 500000775252
 500000774040
 0
 0
 0
 1,25,0
 0
 0
ASSOC
&PS:<DOMAIN.PROCEDURES>
 
 144
 0
 600000000000
 144
 355
 500000775202
 500000774040
 0
 0
 0
 1,25,0
 0
 0
ASSOC
&PS:<DOMAIN.TMP>
 
 1750
 0
 600000000000
 1750
 147
 500000777752
 500000777740
 0
 0
 25,0
 1,25,0
 0
 0
ASSOC
&PS:<EMACS165>
 
 11610
 0
 600000000000
 11610
 372
 500000777752
 500000777740
 0
 0
 0
 13,1,0
 0
 0
SYSF
&PS:<FEINLER>
 002125610670343545151471
 141044
 404000
 200000000000
 54502
 22
 500000770000
 500000776060
 0
 134620613255
 1,3,16,150,8,10,23,9,10022,30,31,0
 3,0
 4
 1,3,0
ADM
&PS:<FEINLER.HALEY>
 002135752137261545326771
 1750
 0
 600000000000
 1750
 204
 500000775202
 500000774040
 2
 134530546234
 0
 10022,0
 0
 0
ADM
&PS:<FEINLER.MAIL>
 
 144
 0
 600000000000
 62
 363
 500000775202
 500000774040
 0
 0
 0
 0
 0
 0
ADM
&PS:<FEINLER.NSW>
 
 144
 0
 600000011203
 62
 522
 500000775252
 500000777760
 0
 0
 0
 3,0
 4
 0
ADM
&PS:<FEINLER.PKTR>
 
 144
 0
 600000000000
 62
 523
 500000775200
 500000777760
 0
 0
 0
 3,0
 4
 0
ASSOC
&PS:<FEINLER.VAL>
 003720671323200474131215
 144
 0
 600000000000
 106
 136
 500000775200
 500000774040
 0
 134242712720
 0
 0
 0
 0
ADM
&PS:<FESRC>
 
 72460
 0
 600000000000
 5670
 347
 500000777702
 500000777760
 0
 0
 0
 3,4,0
 4
 0
AUGF
&PS:<FISCHER>
 000703270701235112742041
 5670
 0
 200000000000
 5670
 174
 500000770404
 500000770404
 1
 134620614233
 3,12,16,17,8,22,150,10174,24,0
 3,150,0
 0
 0
REGISTER
&PS:<FK>
 001716765431063657014233
 764
 0
 200000000000
 310
 462
 500000775202
 500000774040
 0
 134500555363
 0
 0
 10
 0
SAM
&PS:<FMC>
 003302363555376572514633
 1750
 204000
 200000000000
 1750
 434
 500000775202
 500000777740
 2
 134620663213
 3,0
 0
 17
 0
OPS
&PS:<FMC.C>
 
 764
 0
 600000000000
 764
 451
 500000775202
 500000774040
 0
 0
 0
 0
 0
 0
OPS
&PS:<FMC.JUNK>
 
 764
 0
 600000000000
 764
 463
 500000775202
 500000774040
 0
 0
 0
 0
 0
 0
OPS
&PS:<FMC.MSS>
 
 764
 0
 600000000000
 764
 464
 500000775202
 500000000036
 0
 0
 0
 0
 0
 0
OPS
&PS:<FMC.PICT>
 
 764
 0
 600000000000
 764
 324
 500000775202
 500000774040
 0
 0
 0
 0
 0
 0
OPS
&PS:<FMC.PRESIDENT>
 
 764
 0
 600000000000
 764
 160
 500000775202
 500000774040
 0
 0
 0
 0
 0
 0
OPS
&PS:<FMC.PS>
 
 144
 0
 600000000000
 372
 452
 500000775202
 500000774040
 0
 0
 0
 0
 0
 0
OPS
&PS:<FMC.WORK>
 
 764
 0
 600000000000
 764
 161
 500000775202
 500000774040
 0
 0
 0
 0
 0
 0
OPS
&PS:<FONTS>
 
 11610
 0
 600000000000
 6510
 415
 500000775202
 500000774040
 0
 0
 0
 0
 10
 0
SYSS
&PS:<FONTS.240DPI>
 
 7640
 0
 600000000000
 5670
 421
 500000775252
 500000774040
 0
 0
 0
 0
 0
 0
SYSS
&PS:<FONTS.300DPI>
 
 11610
 0
 600000000000
 11300
 431
 500000775252
 500000774040
 0
 0
 0
 0
 0
 0
SYSS
&PS:<FONTS.SCRIBE-300DPI>
 
 11610
 0
 600000000000
 10770
 443
 500000775202
 500000774040
 0
 0
 0
 0
 0
 0
SYSS
&PS:<FONTS.XGP>
 
 764
 0
 600000000000
 764
 444
 500000775252
 500000774040
 0
 0
 0
 0
 0
 0
SYSS
&PS:<FRED>
 001100433506200561204562
 35230
 0
 200000000000
 35230
 150
 500000775202
 500000775240
 0
 134616071144
 3,12,1,22,23,24,30,10150,28,32,0
 3,32,0
 4
 0
APP
&PS:<FRED.C>
 
 1356
 0
 600000000000
 1356
 54
 500000775202
 500000775240
 0
 0
 0
 3,10150,0
 0
 0
APP
&PS:<FS1>
 
 764
 0
 600000000000
 764
 110
 500000775202
 500000774040
 0
 0
 0
 0
 10
 0

&PS:<GROSS>
 003321655017266700672555
 226
 0
 200000000000
 144
 153
 500000775202
 500000774040
 0
 134617716247
 27,0
 0
 10
 0
ASSOC
&PS:<GUEST>
 
 2734
 0
 600000000000
 110210
 162
 500000775200
 500000774040
 1
 133536630676
 0
 0
 36
 0
ASSOC
&PS:<HAL>
 001717547657231107327543
 20464
 4000
 200000000000
 7640
 340
 500000775200
 500000776060
 0
 134617727024
 3,11,16,100,10340,8,0
 0
 5
 3,11,0
REF
&PS:<HAL.PASCAL>
 
 764
 0
 600000000000
 764
 401
 500000775252
 500000777740
 0
 0
 3,11,0
 10340,0
 0
 3,11,0
REF
&PS:<HAL.TM>
 
 764
 0
 600000000000
 764
 145
 500000775200
 500000777740
 0
 0
 3,11,0
 10340,0
 0
 3,11,0
REF
&PS:<HAL.TVT>
 
 764
 0
 600000000000
 764
 402
 500000777752
 500000777740
 0
 0
 3,11,0
 10340,0
 0
 3,11,0
REF
&PS:<HARDIE>
 000330727064027345604156
 764
 200000
 200000000000
 372
 654
 500000775202
 500000774040
 2
 134614161467
 3,0
 3,0
 10
 0
OPS
&PS:<HAWGS>
 001472060326341133710332
 764
 0
 200000000000
 764
 217
 500000775202
 500000777740
 1
 134615562166
 0
 0
 0
 0
DCA
&PS:<HELP>
 
 15530
 0
 600000000000
 6654
 152
 500000777752
 500000777760
 0
 0
 0
 1,5,3,0
 4
 0
SYSF
&PS:<HELP10>
 
 72460
 0
 600000000000
 5670
 574
 500000777752
 500000777760
 0
 0
 0
 4,0
 4
 0
AUGF
&PS:<HEW>
 001376172164106721213063
 144
 0
 200000000000
 113
 107
 500000775202
 500000774040
 0
 134576613032
 0
 0
 10
 0
ASSOC
&PS:<HOSTMASTER>
 001653203304372121762705
 303714
 0
 200000000000
 141520
 56
 500000777700
 500000777740
 0
 134562623662
 0
 3,22,0
 144
 0
DB
&PS:<HOSTMASTER.FORMS>
 
 310
 0
 600000000000
 310
 350
 500000777700
 500000777740
 2
 0
 0
 3,22,0
 0
 0
DB
&PS:<HOSTMASTER.PROCEDURES>
 002611014013060724213231
 764
 0
 600000000000
 764
 374
 500000777700
 500000777740
 2
 0
 0
 3,22,0
 0
 0
DB
&PS:<HOTLIST>
 
 23420
 0
 600000000000
 23420
 200
 500000777706
 500000777740
 0
 0
 0
 3,0
 5
 0
APP
&PS:<HSS>
 001524163071254235122121
 377777000000
 404000
 200000000000
 12752
 273
 500000775200
 500000776060
 12
 134620671431
 3,0
 3,0
 24
 0
APP
&PS:<HSS.B>
 
 764
 0
 600000000000
 764
 202
 500000775202
 500000774040
 0
 0
 0
 3,0
 0
 0
APP
&PS:<HSS.B.B>
 
 62
 0
 600000000000
 62
 617
 500000775202
 500000774040
 0
 0
 0
 3,0
 0
 0
APP
&PS:<HSS.B.B.L>
 
 62
 0
 600000000000
 62
 637
 500000775202
 500000774040
 0
 0
 0
 3,0
 0
 0
APP
&PS:<HSS.B.B.Q>
 
 62
 0
 600000000000
 62
 640
 500000775202
 500000774040
 0
 0
 0
 3,0
 0
 0
APP
&PS:<HSS.B.H>
 
 62
 0
 600000000000
 62
 455
 500000775202
 500000774040
 0
 0
 0
 3,0
 0
 0
APP
&PS:<HSS.CS244>
 
 310
 0
 600000000000
 310
 32
 500000775202
 500000774040
 0
 0
 0
 3,0
 0
 0
APP
&PS:<HSS.HSS>
 001463322644037337151654
 377777000000
 0
 200000000000
 377777000000
 321
 500000775202
 500000774040
 0
 132553624732
 24,0
 3,0
 0
 0
CF
&PS:<HSS.PROG>
 
 1750
 0
 600000000000
 1750
 137
 500000775202
 500000774040
 1
 0
 0
 0
 0
 0
CF
&PS:<IAN>
 000530737747223401655000
 377777000000
 404000
 200000000000
 377777000000
 100
 500000777752
 500000777740
 0
 134620722432
 1,3,2,10100,5,7,14,15,17,18,24,21,0
 10100,0
 36
 0
RD
&PS:<IAN.QUERY>
 
 1750
 0
 600000000000
 1750
 47
 500000777752
 500000777752
 0
 0
 0
 10100,0
 0
 0
RD
&PS:<ID>
 
 303240
 0
 600000000000
 234200
 43
 500000777752
 500000777760
 0
 127330723577
 0
 3,0
 4
 0
DB
&PS:<IDENTS>
 
 47040
 0
 600000000000
 3720
 154
 500000777752
 500000777760
 2
 0
 0
 3,4,0
 4
 0
AUGF
&PS:<IEN>
 
 72460
 0
 600000000000
 5670
 746
 500000777752
 500000777760
 0
 0
 0
 10,0
 4
 0
REF
&PS:<IETF>
 001616712063065767175512
 47040
 0
 600000000000
 11610
 502
 500000775252
 500000777740
 1
 0
 0
 34,27,0
 10
 0

&PS:<IETF.MISC>
 
 764
 0
 600000000000
 454
 166
 500000775252
 500000777740
 2
 0
 0
 34,27,0
 0
 0

&PS:<IFIP>
 
 23420
 0
 600000000000
 1750
 34
 500000775252
 500000777760
 0
 0
 0
 3,0
 4
 0
ADM
&PS:<INFO>
 
 47040
 0
 600000000000
 3720
 1012
 500000777752
 500000777760
 0
 0
 0
 1,0
 4
 0
SYSF
&PS:<INFO-SAM>
 
 372
 0
 600000000000
 372
 370
 500000775252
 500000777740
 0
 0
 0
 3,0
 10
 0
SAM
&PS:<INTERNICS>
 
 764
 0
 600000000000
 454
 445
 500000775202
 500000777740
 0
 0
 0
 3,0
 10
 0
QUERY
&PS:<ISTC>
 002354130645350426336307
 372
 0
 200000000000
 144
 37
 500000775202
 500000774040
 2
 134553224020
 0
 0
 10
 0
ISTC
&PS:<JACKSON>
 001346536651325774714226
 764
 200000
 200000000000
 764
 171
 500000775202
 500000774040
 0
 134620135021
 3,0
 0
 10
 0
OPS
&PS:<JAFMKPQ>
 003661070003201737206534
 372
 0
 200000000000
 764
 77
 500000775202
 500000774040
 0
 134620532034
 28,0
 0
 10
 0
APP
&PS:<JAKE>
 003266634312140255322753
 23420
 104000
 200000000000
 1750
 207
 500000770000
 500000776060
 0
 134510762632
 1,3,0
 3,0
 4
 1,3,0
ADM
&PS:<JAKE.PSTP>
 000322143261200536636302
 23420
 0
 600000000000
 1750
 702
 500000775200
 500000776060
 0
 132501502160
 0
 3,0
 4
 0
DCA
&PS:<JAKE.VAL>
 003720671323200474131215
 1750
 0
 600000000000
 1750
 703
 500000775200
 500000774040
 0
 134242712720
 0
 0
 0
 0
ADM
&PS:<JOJO>
 001656043411003746057377
 3720
 4000
 200000000000
 3720
 30
 500000775200
 500000777760
 0
 134620636562
 3,12,8,22,24,32,0
 32,0
 4
 3,0
APP
&PS:<KATIE>
 003022251264257130150645
 1356
 0
 200000000000
 620
 46
 500000775202
 500000774040
 2
 134620712735
 3,10022,31,0
 3,0
 10
 0
ADM
&PS:<KATIE.STUFF>
 000313646613170700340214
 764
 0
 600000000000
 764
 133
 500000775202
 500000774040
 0
 0
 0
 3,0
 0
 0
ADM
&PS:<KCC>
 
 11610
 0
 600000000000
 3720
 406
 500000777752
 500000777760
 0
 0
 0
 21,0
 144
 0
SYSF
&PS:<KCC.NIC>
 
 1750
 0
 600000000000
 1750
 250
 500000777752
 500000777740
 0
 0
 21,0
 21,0
 0
 0
SYSF
&PS:<KCC.SYS>
 
 1750
 0
 600000000000
 1750
 412
 500000777752
 500000777760
 0
 0
 0
 21,0
 0
 0
CF
&PS:<KCC-0>
 
 1750
 0
 600000000000
 4704
 447
 500000777752
 500000774040
 0
 0
 0
 0
 67
 0

&PS:<KCC-0.FAIL>
 
 1750
 0
 600000000000
 764
 450
 500000777752
 500000777760
 0
 0
 0
 21,0
 0
 21,0

&PS:<KCC-0.INCLUDE>
 
 764
 0
 600000000000
 310
 453
 500000777752
 500000777740
 0
 0
 0
 0
 5
 0

&PS:<KCC-0.INCLUDE.SYS>
 
 764
 0
 600000000000
 454
 471
 500000777752
 500000777740
 0
 0
 0
 0
 0
 0

&PS:<KCC-0.KCC>
 
 3720
 0
 600000000000
 2734
 472
 500000777752
 500000777760
 0
 0
 0
 21,0
 0
 21,0

&PS:<KCC-0.LIB>
 
 45234
 0
 600000000000
 26520
 511
 500000777752
 500000777760
 0
 0
 0
 21,0
 12
 21,0
SYSF
&PS:<KCC-0.LIB.MATH>
 
 1750
 0
 600000000000
 1750
 516
 500000777752
 500000774040
 0
 0
 21,0
 21,0
 0
 21,0
SYSF
&PS:<KCC-0.LIB.NETWORK>
 
 23420
 0
 600000000000
 1750
 520
 500000777752
 500000777760
 0
 0
 21,0
 21,0
 0
 21,0
SYSF
&PS:<KCC-0.LIB.PML>
 
 1750
 0
 600000000000
 1750
 524
 500000777752
 500000774040
 0
 0
 21,0
 21,0
 0
 21,0
SYSF
&PS:<KCC-0.LIB.STDIO>
 
 25370
 0
 600000000000
 23420
 525
 500000777752
 500000777760
 0
 0
 0
 21,0
 0
 0
SYSF
&PS:<KCC-0.LIB.TEST>
 
 764
 0
 600000000000
 764
 526
 500000777752
 500000774040
 0
 0
 21,0
 21,0
 0
 21,0
SYSF
&PS:<KCC-0.LIB.UIO>
 
 1750
 0
 600000000000
 1750
 527
 500000777752
 500000774040
 0
 0
 21,0
 21,0
 0
 21,0
SYSF
&PS:<KCC-0.LIB.USYS>
 
 1750
 0
 600000000000
 1750
 530
 500000777752
 500000774040
 0
 0
 21,0
 21,0
 0
 21,0
SYSF
&PS:<KCC-2>
 
 1750
 0
 600000000000
 4704
 531
 500000777752
 500000774040
 0
 0
 0
 0
 67
 0

&PS:<KCC-2.FAIL>
 
 1750
 0
 600000000000
 764
 532
 500000777752
 500000777740
 0
 0
 0
 21,0
 0
 21,0

&PS:<KCC-2.INCLUDE>
 
 764
 0
 600000000000
 310
 533
 500000777752
 500000777740
 0
 0
 0
 0
 5
 0

&PS:<KCC-2.INCLUDE.SYS>
 
 764
 0
 600000000000
 454
 534
 500000777752
 500000777740
 0
 0
 0
 0
 0
 0

&PS:<KCC-2.KCC>
 
 3720
 0
 600000000000
 2734
 535
 500000777752
 500000777740
 0
 0
 0
 21,0
 0
 21,0

&PS:<KCC-2.LIB>
 
 47204
 0
 600000000000
 30470
 536
 500000777752
 500000777740
 0
 0
 0
 21,0
 12
 21,0
SYSF
&PS:<KCC-2.LIB.MATH>
 
 1750
 0
 600000000000
 1750
 537
 500000777752
 500000777740
 0
 0
 21,0
 21,0
 0
 21,0
SYSF
&PS:<KCC-2.LIB.NETWORK>
 
 23420
 0
 600000000000
 1750
 540
 500000777752
 500000777740
 0
 0
 21,0
 21,0
 0
 21,0
SYSF
&PS:<KCC-2.LIB.PML>
 
 1750
 0
 600000000000
 1750
 541
 500000777752
 500000777740
 0
 0
 21,0
 21,0
 0
 21,0
SYSF
&PS:<KCC-2.LIB.STDIO>
 
 25370
 0
 600000000000
 23420
 542
 500000777752
 500000777740
 0
 0
 0
 21,0
 0
 0
SYSF
&PS:<KCC-2.LIB.TEST>
 
 764
 0
 600000000000
 764
 543
 500000777752
 500000777740
 0
 0
 21,0
 21,0
 0
 21,0
SYSF
&PS:<KCC-2.LIB.USYS>
 
 1750
 0
 600000000000
 1750
 544
 500000777752
 500000777740
 0
 0
 21,0
 21,0
 0
 21,0
SYSF
&PS:<KCC-4>
 
 1750
 0
 600000000000
 4704
 561
 500000777752
 500000774040
 0
 0
 0
 0
 67
 0

&PS:<KCC-4.FAIL>
 
 1750
 0
 600000000000
 764
 562
 500000777752
 500000777740
 0
 0
 0
 21,0
 0
 21,0

&PS:<KCC-4.INCLUDE>
 
 764
 0
 600000000000
 310
 563
 500000777752
 500000777740
 0
 0
 0
 0
 5
 0

&PS:<KCC-4.INCLUDE.SYS>
 
 764
 0
 600000000000
 454
 564
 500000777752
 500000777740
 0
 0
 0
 0
 0
 0

&PS:<KCC-4.KCC>
 
 3720
 0
 600000000000
 2734
 565
 500000777752
 500000777740
 0
 0
 0
 21,0
 0
 21,0

&PS:<KCC-4.LIB>
 
 47204
 0
 600000000000
 30470
 566
 500000777752
 500000777740
 0
 0
 0
 21,0
 12
 21,0
SYSF
&PS:<KCC-4.LIB.MATH>
 
 1750
 0
 600000000000
 1750
 567
 500000777752
 500000777740
 0
 0
 21,0
 21,0
 0
 21,0
SYSF
&PS:<KCC-4.LIB.NETWORK>
 
 23420
 0
 600000000000
 1750
 570
 500000777752
 500000777740
 0
 0
 21,0
 21,0
 0
 21,0
SYSF
&PS:<KCC-4.LIB.PML>
 
 1750
 0
 600000000000
 1750
 571
 500000777752
 500000777740
 0
 0
 21,0
 21,0
 0
 21,0
SYSF
&PS:<KCC-4.LIB.STDIO>
 
 25370
 0
 600000000000
 23420
 572
 500000777752
 500000777740
 0
 0
 0
 21,0
 0
 0
SYSF
&PS:<KCC-4.LIB.TEST>
 
 764
 0
 600000000000
 764
 573
 500000777752
 500000777740
 0
 0
 21,0
 21,0
 0
 21,0
SYSF
&PS:<KCC-4.LIB.USYS>
 
 1750
 0
 600000000000
 1750
 575
 500000777752
 500000777740
 0
 0
 21,0
 21,0
 0
 21,0
SYSF
&PS:<KCC-5>
 
 1750
 0
 600000000000
 4704
 665
 500000777752
 500000774040
 0
 0
 0
 0
 67
 0

&PS:<KCC-5.FAIL>
 
 1750
 0
 600000000000
 764
 666
 500000777752
 500000777740
 0
 0
 0
 21,0
 0
 21,0

&PS:<KCC-5.INCLUDE>
 
 764
 0
 600000000000
 310
 667
 500000777752
 500000777740
 0
 0
 0
 0
 5
 0

&PS:<KCC-5.INCLUDE.SYS>
 
 764
 0
 600000000000
 454
 670
 500000777752
 500000777740
 0
 0
 0
 0
 0
 0

&PS:<KCC-5.KCC>
 
 3720
 0
 600000000000
 2734
 671
 500000777752
 500000777740
 0
 0
 0
 21,0
 0
 21,0

&PS:<KCC-5.LIB>
 
 47204
 0
 600000000000
 30470
 672
 500000777752
 500000777740
 0
 0
 0
 21,0
 12
 21,0
SYSF
&PS:<KCC-5.LIB.MATH>
 
 1750
 0
 600000000000
 1750
 673
 500000777752
 500000777740
 0
 0
 21,0
 21,0
 0
 21,0
SYSF
&PS:<KCC-5.LIB.NETWORK>
 
 23420
 0
 600000000000
 1750
 674
 500000777752
 500000777740
 0
 0
 21,0
 21,0
 0
 21,0
SYSF
&PS:<KCC-5.LIB.PML>
 
 1750
 0
 600000000000
 1750
 675
 500000777752
 500000777740
 0
 0
 21,0
 21,0
 0
 21,0
SYSF
&PS:<KCC-5.LIB.STDIO>
 
 25370
 0
 600000000000
 23420
 676
 500000777752
 500000777740
 0
 0
 0
 21,0
 0
 0
SYSF
&PS:<KCC-5.LIB.TEST>
 
 764
 0
 600000000000
 764
 677
 500000777752
 500000777740
 0
 0
 21,0
 21,0
 0
 21,0
SYSF
&PS:<KCC-5.LIB.USYS>
 
 1750
 0
 600000000000
 1750
 700
 500000777752
 500000777740
 0
 0
 21,0
 21,0
 0
 21,0
SYSF
&PS:<KCC-NEW>
 
 7640
 0
 600000000000
 1750
 503
 500000777752
 500000777760
 0
 0
 0
 21,0
 132
 0
SYSF
&PS:<KCC-NEW.NIC>
 
 1750
 0
 600000000000
 1750
 662
 500000777752
 500000777760
 0
 0
 0
 21,0
 12
 0
SYSF
&PS:<KCCDIST>
 
 1750
 0
 600000000000
 4704
 576
 500000777752
 500000774040
 0
 0
 0
 0
 67
 0

&PS:<KCCDIST.FAIL>
 
 1750
 0
 600000000000
 764
 577
 500000777752
 500000777740
 0
 0
 0
 21,0
 0
 21,0

&PS:<KCCDIST.INCLUDE>
 
 764
 0
 600000000000
 310
 600
 500000777752
 500000777740
 0
 0
 0
 0
 5
 0

&PS:<KCCDIST.INCLUDE.SYS>
 
 764
 0
 600000000000
 454
 601
 500000777752
 500000777740
 0
 0
 0
 0
 0
 0

&PS:<KCCDIST.KCC>
 
 3720
 0
 600000000000
 2734
 602
 500000777752
 500000777740
 0
 0
 0
 21,0
 0
 21,0

&PS:<KCCDIST.LIB>
 
 47204
 0
 600000000000
 30470
 603
 500000777752
 500000777740
 0
 0
 0
 21,0
 12
 21,0
SYSF
&PS:<KCCDIST.LIB.MATH>
 
 1750
 0
 600000000000
 1750
 604
 500000777752
 500000777740
 0
 0
 21,0
 21,0
 0
 21,0
SYSF
&PS:<KCCDIST.LIB.NETWORK>
 
 23420
 0
 600000000000
 1750
 605
 500000777752
 500000777740
 0
 0
 21,0
 21,0
 0
 21,0
SYSF
&PS:<KCCDIST.LIB.PML>
 
 1750
 0
 600000000000
 1750
 606
 500000777752
 500000777740
 0
 0
 21,0
 21,0
 0
 21,0
SYSF
&PS:<KCCDIST.LIB.STDIO>
 
 25370
 0
 600000000000
 23420
 607
 500000777752
 500000777740
 0
 0
 0
 21,0
 0
 0
SYSF
&PS:<KCCDIST.LIB.TEST>
 
 764
 0
 600000000000
 764
 610
 500000777752
 500000777740
 0
 0
 21,0
 21,0
 0
 21,0
SYSF
&PS:<KCCDIST.LIB.USYS>
 
 1750
 0
 600000000000
 1750
 611
 500000777752
 500000777740
 0
 0
 21,0
 21,0
 0
 21,0
SYSF
&PS:<KELLY>
 003003173501311371563745
 3720
 4000
 200000000000
 1750
 514
 500000775200
 500000775240
 3
 134616044750
 26,25,22,16,12,8,3,17,19,0
 3,0
 10
 0
DB
&PS:<KERMIT>
 
 1750
 0
 600000000000
 1750
 612
 500000775202
 500000774040
 1
 0
 0
 0
 0
 0
SYSF
&PS:<KK1213>
 
 23420
 0
 600000000000
 23420
 112
 500000770200
 500000777700
 0
 0
 0
 28,0
 10
 0
APP
&PS:<KLH>
 003302017135161657276346
 72460
 424000
 200000000000
 21450
 326
 500000775200
 500000776040
 0
 134620724230
 1,3,12,11,21,10016,25,0
 3,10016,0
 4
 1,3,11,0
RD
&PS:<KLH-DN>
 
 303240
 0
 600000000000
 23420
 613
 500000775200
 500000777700
 0
 0
 0
 11,0
 4
 0
RD
&PS:<KLH2>
 
 255650
 0
 700000011203
 33260
 614
 500000777700
 500000777740
 0
 0
 0
 10016,0
 4
 0
RD
&PS:<KLH2.HOCK>
 
 23420
 0
 600000000000
 11610
 615
 500000777700
 500000777740
 0
 0
 0
 10016,0
 0
 0
RD
&PS:<KLH2.RACHEL>
 001625437736346044437154
 1750
 0
 600000000000
 1750
 24
 500000777700
 500000777740
 0
 134233005675
 3,0
 3,0
 5
 0
RD
&PS:<LEDA>
 001121036764112356600123
 23420
 4000
 200000000000
 1750
 156
 500000775200
 500000776060
 2
 134615544166
 3,16,150,10,9,0
 3,0
 4
 3,0
BIB
&PS:<LIB10>
 
 165140
 0
 600000000000
 13560
 744
 500000777702
 500000777762
 0
 0
 0
 3,4,0
 4
 0
AUGF
&PS:<LIM>
 000762751336333651320046
 2734
 0
 200000000000
 2734
 647
 500000775202
 500000774040
 0
 134617653575
 3,0
 0
 10
 0
CF
&PS:<LOC-SUBSYS>
 
 47040
 0
 600000000000
 47040
 253
 500000777752
 500000777740
 0
 0
 0
 2,0
 5
 0
SYSF
&PS:<MAIL>
 
 60650
 0
 600000000000
 35230
 236
 500000777752
 500000777744
 0
 0
 0
 17,0
 4
 0
SYSF
&PS:<MAIL.BULK>
 
 35230
 0
 600000000000
 23420
 371
 500000777700
 500000777744
 0
 0
 0
 17,0
 0
 0
SYSF
&PS:<MAIL.DISTRIBUTION>
 
 764
 0
 600000000000
 764
 505
 500000775202
 500000777740
 3
 0
 0
 17,3,0
 0
 0
SYSF
&PS:<MAIL.LIST>
 
 23420
 0
 600000000000
 23420
 645
 500000777700
 500000777744
 0
 0
 0
 17,0
 0
 0
SYSF
&PS:<MAIL.QUEUE>
 
 25370
 0
 600000000000
 25370
 314
 500000777700
 500000777744
 0
 0
 0
 17,0
 0
 0
SYSF
&PS:<MAIL.SERVICE>
 
 1750
 0
 600000000000
 1750
 430
 500000775252
 500000774040
 0
 0
 0
 17,0
 0
 0
SYSF
&PS:<MAINTENANCE>
 000001010757044157505650
 1750
 40000
 200000000000
 1750
 52
 500000777752
 500000777740
 5
 134620640316
 200,0
 0
 5
 0
MAINT
&PS:<MAINTSYS>
 
 1750
 0
 600000000000
 1750
 55
 500000777752
 500000777740
 5
 0
 0
 2,0
 5
 0
SYSF
&PS:<MARLYN>
 001331751353301461204030
 1750
 0
 200000000000
 1750
 155
 500000775202
 500000774040
 1
 134620613122
 9,3,16,18,8,10,33,0
 3,0
 0
 0
BIB
&PS:<MH>
 000622552124053003331432
 11610
 0
 200000000000
 11610
 67
 500000775202
 500000774040
 3
 134620713375
 3,22,16,8,12,24,0
 3,0
 10
 0
REGISTER
&PS:<MH.A>
 
 536
 0
 600000000000
 536
 176
 500000775202
 500000775200
 0
 0
 0
 3,0
 0
 0
REGISTER
&PS:<MICROS>
 
 2734
 0
 600000000400
 2734
 616
 500000775252
 500000775040
 0
 0
 0
 3,0
 0
 0
SYSF
&PS:<MID>
 
 310
 0
 600000000000
 310
 473
 500000775202
 500000774040
 0
 0
 0
 0
 10
 0

&PS:<MILNET-FTP>
 001626600440157333717025
 144
 4000
 200000000000
 144
 242
 500000777752
 500000777754
 0
 134620725245
 0
 0
 4
 0
QUERY
&PS:<MIMI>
 002147246353254522654160
 12574
 404000
 200000000000
 5214
 120
 500000775200
 500000776060
 0
 134620715732
 3,4,1,17,22,25,10104,12,21,24,8,0
 3,10104,0
 5
 3,0
APP
&PS:<MIMI.ME>
 
 764
 0
 600000000000
 764
 470
 500000777700
 500000777740
 0
 0
 0
 10104,0
 0
 3,0
APP
&PS:<MIMI.PROG>
 
 3720
 0
 600000000000
 3720
 62
 500000777700
 500000777740
 0
 0
 0
 10104,0
 0
 0
APP
&PS:<MIMI.SKAHN>
 
 1750
 0
 600000000000
 1750
 521
 500000777777
 500000777740
 0
 0
 0
 10104,3,0
 0
 3,0
APP
&PS:<MISC10>
 
 165140
 0
 600000000000
 13560
 743
 500000777702
 500000777762
 0
 0
 0
 3,4,0
 4
 0
AUGF
&PS:<MKL>
 002576267134346167261754
 377777000000
 404000
 200000000000
 377777000000
 142
 500000775200
 500000774040
 5
 134620616442
 3,0
 0
 12
 0
CF
&PS:<MKL.FOO>
 
 764
 0
 600000000000
 764
 657
 500000775202
 500000770000
 0
 0
 0
 0
 0
 0
CF
&PS:<MKL.GAMES>
 
 1750
 0
 600000000000
 764
 354
 500000775200
 500000774040
 0
 0
 0
 0
 0
 0

&PS:<MKL.NFS>
 
 764
 0
 600000000000
 764
 126
 500000775202
 500000774040
 0
 0
 0
 0
 0
 0
CF
&PS:<MKL.NFS.V1>
 
 764
 0
 600000000000
 764
 177
 500000775202
 500000774040
 0
 0
 0
 0
 0
 0
CF
&PS:<MKL.SFTP>
 
 764
 0
 600000000000
 764
 423
 500000775202
 500000774040
 0
 0
 0
 0
 0
 0
CF
&PS:<MKL.TALK>
 
 1750
 0
 600000000000
 764
 41
 500000775252
 500000774040
 0
 0
 0
 0
 0
 0

&PS:<MKL.TEMP>
 
 764
 0
 600000000000
 764
 61
 500000775202
 500000774040
 0
 0
 0
 0
 0
 0
CF
&PS:<MKL.THINK>
 
 764
 0
 600000000000
 764
 377
 500000770000
 500000770000
 0
 0
 0
 0
 0
 0
CF
&PS:<MUNDY>
 002013243007375333254551
 1750
 0
 200000000000
 1750
 426
 500000775202
 500000774040
 0
 134615502141
 34,30,0
 34,0
 10
 0
DCA
&PS:<NAMSER>
 
 141520
 0
 600000000000
 11610
 143
 500000777700
 500000777760
 0
 0
 0
 3,0
 4
 0
SYSF
&PS:<NAN>
 003135723425170003744033
 11610
 4000
 200000000000
 11610
 123
 500000775200
 500000774040
 1
 134620713422
 3,16,10123,8,10,24,19,25,22,17,33,0
 3,0
 4
 3,0
REF
&PS:<NAN.MSS>
 
 310
 0
 600000000000
 144
 245
 500000777752
 500000777740
 0
 0
 0
 10123,0
 0
 0
REF
&PS:<NET-DIRECTIVES>
 
 41150
 0
 600000000000
 37200
 336
 500000775200
 500000777700
 0
 0
 0
 3,19,0
 0
 0
APP
&PS:<NETINFO>
 002126030637233362557637
 444760
 0
 600000000000
 35230
 21
 500000777752
 500000777750
 2
 130664153472
 0
 8,0
 4
 0
REF
&PS:<NETPROG>
 
 141520
 0
 600000000000
 11610
 170
 500000777752
 500000777760
 0
 0
 0
 3,0
 4
 0
SYSF
&PS:<NETWORKS>
 
 2734
 0
 600000000000
 1750
 620
 500000775200
 500000774040
 0
 0
 3,0
 0
 0
 0
REF
&PS:<NEUMANN>
 000032717751202614312410
 1750
 0
 200000000000
 1750
 220
 500000775202
 500000777740
 1
 134617204171
 3,30,0
 0
 0
 0
APP
&PS:<NEW-SUBSYS>
 
 377777000000
 0
 600000000000
 377777000000
 10
 500000777752
 500000777740
 0
 0
 0
 0
 10
 0

&PS:<NEW-SYSTEM>
 
 377777000000
 0
 600000000000
 377777000000
 7
 500000777752
 500000777740
 0
 0
 0
 0
 10
 0

&PS:<NEWSAIL>
 
 11610
 0
 600000000000
 11610
 305
 500000777752
 500000777740
 0
 0
 0
 1,0
 5
 0
SYSF
&PS:<NEWSYS>
 
 23420
 0
 600000000000
 23420
 64
 500000777752
 500000777760
 0
 0
 0
 2,0
 5
 0
SYSF
&PS:<NIC>
 002504456545266752514524
 141044
 0
 200000000000
 11444
 44
 500000777700
 500000777740
 2
 134620700665
 3,16,0
 3,0
 4
 3,0
REF
&PS:<NIC.CANNED>
 
 454
 0
 600000000000
 144
 51
 500000777700
 500000777740
 2
 0
 0
 10134,3,0
 0
 0
REF
&PS:<NIC-ADMIN>
 002504456545266752514524
 140224
 0
 600000000000
 15220
 36
 500000777700
 500000777740
 2
 0
 0
 31,0
 4
 0
ADM
&PS:<NIC-ADMIN.JOBS>
 
 310
 0
 600000000000
 310
 641
 500000777700
 500000774040
 2
 0
 3,0
 3,0
 0
 0
ADM
&PS:<NIC-ADMIN.SLIDES>
 
 764
 0
 600000000000
 764
 104
 500000777700
 500000777700
 2
 0
 0
 3,0
 0
 0
ADM
&PS:<NIC-PROCEDURES>
 
 23420
 0
 600000000000
 1750
 42
 500000777700
 500000777740
 2
 0
 0
 3,0
 4
 0
ADM
&PS:<NIC-PROP>
 000247067374327441575361
 764
 0
 600000000000
 372
 163
 500000777700
 500000777740
 2
 0
 0
 3,0
 4
 0
ADM
&PS:<NIC-PROP.BIOGS>
 
 764
 0
 600000000000
 764
 633
 500000777700
 500000777740
 2
 0
 0
 3,0
 0
 0
ADM
&PS:<NIC-PROP.BOILER-PLATE>
 
 764
 0
 600000000000
 764
 636
 500000777700
 500000777740
 2
 0
 0
 3,0
 0
 0
ADM
&PS:<NIC-PROP.PROPOSALS>
 
 764
 0
 600000000000
 764
 635
 500000777700
 500000777740
 2
 0
 0
 3,0
 0
 0
ADM
&PS:<NIC-PROP.QUALS>
 
 764
 0
 600000000000
 764
 634
 500000777700
 500000777740
 2
 0
 0
 3,0
 0
 0
ADM
&PS:<NIC-QUERY>
 
 141520
 0
 600000000000
 11610
 235
 500000775252
 500000777760
 0
 0
 3,0
 3,0
 4
 3,0
NIC
&PS:<NIC-WORK>
 
 1750
 0
 600000000000
 764
 45
 500000777700
 500000777740
 3
 130461725205
 0
 3,0
 4
 3,0
DB
&PS:<NIC-WORK.MAILQ>
 
 2734
 0
 600000000000
 144
 113
 500000777702
 500000777740
 12
 0
 3,0
 3,0
 0
 0
DB
&PS:<NICGUEST>
 000732021423153500332407
 144
 0
 600000000000
 12
 74
 500000775200
 500000776060
 2
 132300106467
 18,0
 0
 4
 0
QUERY
&PS:<NICPROG>
 
 332600
 0
 600000000000
 325674
 1013
 500000777700
 500000777740
 0
 0
 0
 3,20,0
 12
 0
SYSF
&PS:<NICPROG.AUG>
 
 1750
 0
 600000000000
 1750
 466
 500000777700
 500000777740
 0
 0
 0
 3,20,0
 0
 0
SYSF
&PS:<NICPROG.LIBNIC>
 
 23420
 0
 600000000000
 11610
 513
 500000777700
 500000777700
 0
 0
 0
 3,20,0
 0
 0
SYSF
&PS:<NICPROG.OLD>
 
 23420
 0
 600000000000
 11610
 655
 500000777700
 500000777700
 0
 0
 0
 3,20,0
 0
 0
SYSF
&PS:<NICPROG.PORT>
 
 15530
 0
 600000000000
 11610
 642
 500000777702
 500000777760
 0
 0
 0
 3,20,21,0
 0
 0
SYSF
&PS:<NICPROG.TEST>
 
 23420
 0
 600000000000
 764
 643
 500000777700
 500000777700
 0
 0
 0
 3,20,0
 0
 0
SYSF
&PS:<NIELSON>
 001715015633345761154022
 1750
 0
 200000000000
 1750
 135
 500000775202
 500000777740
 1
 131163754155
 0
 0
 5
 0
ADM
&PS:<NLSBESRC>
 
 116100
 0
 600000000000
 7640
 263
 500000777702
 500000777760
 0
 0
 0
 3,4,0
 4
 0
AUGF
&PS:<OLDSYS>
 
 23420
 0
 600000000000
 23420
 66
 500000777752
 500000777760
 0
 0
 0
 2,0
 5
 0
SYSF
&PS:<OPERATOR>
 
 11610
 224000
 200000000000
 4704
 5
 500000775202
 500000774040
 0
 134620625344
 0
 0
 10
 0
OPERATOR
&PS:<OPERATOR.REAPER>
 
 764
 0
 600000000000
 764
 221
 500000775202
 500000774040
 0
 0
 0
 2,0
 0
 0
SYSF
&PS:<OPSRC>
 
 47040
 0
 600000000000
 3720
 375
 500000777702
 500000777740
 0
 0
 0
 3,4,0
 4
 0
AUGF
&PS:<OUT-MAIL>
 
 141520
 0
 600000000000
 11610
 271
 500000777700
 500000777700
 0
 0
 0
 0
 4
 0
AUGF
&PS:<PAGER>
 003144565532065077240476
 1274
 0
 600000000000
 764
 425
 500000770000
 500000774040
 5
 0
 0
 0
 10
 0

&PS:<PASCAL>
 
 764
 0
 600000000000
 764
 277
 500000775252
 500000774040
 0
 0
 0
 0
 10
 0
SYSF
&PS:<PCL>
 
 1750
 0
 600000000000
 1750
 222
 500000777752
 500000777740
 0
 0
 0
 1,2,0
 0
 0
SYSF
&PS:<PELLIEN>
 000646316072355754226622
 372
 0
 200000000000
 310
 632
 500000775202
 500000774040
 0
 134257376076
 0
 0
 10
 0
DCA
&PS:<POSTEL>
 001337752377226473341544
 1750
 4000
 200000000000
 1750
 757
 500000777752
 500000777760
 0
 134620626444
 3,8,10,0
 3,0
 4
 3,0
ASSOC
&PS:<PROGDOCS>
 
 141520
 0
 600000000000
 11610
 206
 500000775200
 500000777760
 0
 0
 0
 4,0
 4
 0
AUGF
&PS:<PROGSUP>
 
 444760
 0
 600000000000
 35230
 745
 500000777702
 500000777760
 0
 0
 0
 3,4,0
 4
 0
AUGF
&PS:<PROINFO>
 
 47040
 0
 600000000000
 3720
 57
 500000775252
 500000777760
 0
 0
 0
 3,0
 4
 0
BIB
&PS:<PROTOCOLS>
 
 72460
 0
 600000000000
 5670
 40
 500000777752
 500000777750
 2
 0
 0
 3,0
 4
 0
ADM
&PS:<PROTOCOLS-WORK>
 
 1750
 0
 600000000000
 764
 175
 500000777700
 500000777740
 2
 0
 0
 3,0
 10
 0
ADM
&PS:<PSSG>
 002634567071100463325413
 11610
 0
 200000000000
 764
 127
 500000775200
 500000776060
 0
 133753702751
 34,0
 34,0
 4
 34,0
DCA
&PS:<PUBSALES>
 
 5276
 0
 600000000000
 5360
 224
 500000775200
 500000775400
 5
 0
 0
 150,3,0
 4
 0
DOCS
&PS:<PUBSALES.ADMIN>
 
 144
 0
 600000000000
 144
 441
 500000775200
 500000775400
 2
 0
 3,0
 150,3,0
 0
 0
DOCS
&PS:<PUBSALES.FORMS>
 
 62
 0
 600000000000
 62
 442
 500000777700
 500000775400
 2
 0
 0
 150,3,0
 0
 0
DOCS
&PS:<PUBSALES.PROCEDURES>
 
 144
 0
 600000000000
 62
 437
 500000777700
 500000775400
 2
 0
 3,0
 150,3,0
 0
 0
DOCS
&PS:<QUERY>
 
 23420
 0
 600000000000
 23420
 212
 500000777700
 500000775000
 2
 0
 0
 1,3,18,0
 0
 0
REF
&PS:<RED>
 001033354326365464261076
 3720
 0
 200000000000
 2734
 255
 500000775202
 500000774040
 2
 134610620001
 3,16,9,8,18,33,10,0
 3,0
 4
 0
BIB
&PS:<REFERENCE>
 
 2114
 0
 600000000000
 2734
 213
 500000777700
 500000777740
 2
 0
 0
 16,3,0
 4
 0
REF
&PS:<REFERENCE.ADMIN>
 
 310
 0
 600000000000
 764
 436
 500000777700
 500000777740
 2
 0
 0
 16,3,0
 0
 0
REF
&PS:<REFERENCE.COMMENTS>
 
 310
 0
 600000000000
 764
 164
 500000777700
 500000777740
 2
 0
 0
 16,3,0
 0
 0
REF
&PS:<REFERENCE.DB>
 
 310
 0
 600000000000
 764
 435
 500000777700
 500000777740
 2
 0
 0
 16,3,0
 0
 0
REF
&PS:<REFERENCE.NETS>
 
 764
 0
 600000000000
 764
 335
 500000777700
 500000777740
 2
 0
 0
 16,3,0
 0
 0
REF
&PS:<REFHELP>
 
 764
 0
 600000000000
 764
 27
 500000775200
 500000777700
 0
 0
 0
 3,0
 10
 0
REF
&PS:<REGISTRAR>
 001323137055037761261217
 23420
 0
 200000000000
 23420
 244
 500000777702
 500000777740
 0
 0
 0
 12,0
 10
 0
REGISTER
&PS:<RFC>
 
 234200
 0
 600000000000
 17500
 35
 500000777752
 500000777760
 2
 0
 0
 10,0
 4
 0
REF
&PS:<RMILLER>
 003101433300327674261303
 3244
 0
 200000000000
 1274
 165
 500000775252
 500000770606
 0
 134620475355
 0
 0
 4
 0
DOTS
&PS:<RMILLER.PORTAL>
 003021771534033767511366
 310
 0
 602000000000
 310
 252
 500000775324
 500000770606
 0
 0
 0
 0
 0
 0

&PS:<RMILLER.UNIX>
 
 144
 0
 600000000000
 144
 124
 500000775202
 500000777740
 1
 0
 0
 0
 0
 0
ASSOC
&PS:<ROBERT>
 001703365520041575442567
 620
 200000
 200000000000
 454
 653
 500000775202
 500000774040
 2
 134613567557
 3,0
 3,0
 10
 0
OPS
&PS:<ROZARIO>
 001473715467354314363365
 536
 0
 200000000000
 310
 456
 500000775202
 500000774040
 0
 133643774302
 10456,20,0
 0
 10
 0
SAI
&PS:<SAFETY>
 
 764
 0
 600000000000
 764
 414
 500000777752
 500000770000
 0
 132252213622
 0
 23,0
 0
 0

&PS:<SAFEX>
 001210063217333757733040
 764
 0
 600000000000
 764
 413
 500000775200
 500000775040
 0
 0
 0
 23,0
 0
 0
SAFETY
&PS:<SAIL>
 
 13560
 0
 600000000000
 1130
 1017
 500000775252
 500000777760
 0
 0
 0
 1,0
 4
 0
SYSF
&PS:<SAM>
 
 1750
 0
 200000000000
 1750
 345
 500000775205
 500000777704
 0
 134540021140
 0
 3,6,0
 10
 0
SAM
&PS:<SAM.DEMO>
 002706642103270317413714
 764
 0
 200000000000
 764
 477
 500000775202
 500000774040
 0
 134211555731
 0
 3,6,10134,0
 0
 0
SAM
&PS:<SAM.MANUAL>
 
 620
 0
 600000000000
 454
 53
 500000777752
 500000777752
 0
 0
 0
 3,6,10134,0
 0
 0
SAM
&PS:<SAPPHO>
 000100031340366322160675
 764
 204000
 200000000000
 1750
 71
 500000775202
 500000777740
 1
 134620726114
 100,3,0
 0
 5
 0
OPS
&PS:<SATZ>
 002177335435215343074221
 2114
 0
 200000000000
 2114
 20
 500000775252
 500000774040
 0
 134555266624
 13,21,0
 0
 142
 0
CF
&PS:<SATZ.BIN>
 
 1750
 0
 600000000000
 1750
 330
 500000775252
 500000774040
 5
 0
 0
 0
 0
 0
CF
&PS:<SATZ.KCC>
 
 3554
 0
 600000000000
 3554
 302
 500000775252
 500000774040
 0
 0
 0
 0
 1
 0
CF
&PS:<SATZ.KCC.SYS>
 
 144
 0
 600000000000
 144
 303
 500000775252
 500000774040
 0
 0
 0
 0
 0
 0
CF
&PS:<SATZ.MACRO>
 
 454
 0
 600000000000
 454
 331
 500000775252
 500000774040
 5
 0
 0
 0
 0
 0
CF
&PS:<SATZ.NYU>
 
 1750
 0
 600000000000
 1750
 173
 500000775252
 500000774040
 5
 0
 0
 0
 0
 0
CF
&PS:<SATZ.TEMP>
 
 1750
 0
 600000000000
 1750
 115
 500000777752
 500000777740
 5
 0
 0
 0
 0
 0
CF
&PS:<SCRIBE-5>
 
 4704
 0
 600000000000
 4704
 621
 500000775252
 500000774040
 0
 0
 0
 0
 10
 0
SYSF
&PS:<SCRIBE-5.LOCAL>
 
 1750
 0
 600000000000
 764
 622
 500000775252
 500000774040
 0
 0
 0
 0
 0
 0
SYSF
&PS:<SCRIBE-5.SCRIBE4-LOCAL>
 
 5670
 0
 600000000000
 5670
 623
 500000775252
 500000774040
 5
 0
 0
 0
 0
 0
SYSF
&PS:<SCRIBE-6>
 
 4704
 0
 600000000000
 3720
 624
 500000775252
 500000774040
 0
 0
 0
 0
 10
 0
SYSF
&PS:<SCRIBE-6.LOCAL>
 
 1750
 0
 600000000000
 764
 625
 500000775252
 500000774040
 0
 0
 0
 0
 0
 0
SYSF
&PS:<SCRIBE-FONTS>
 
 4704
 0
 600000000000
 3720
 626
 500000775252
 500000774040
 0
 0
 0
 0
 10
 0
SYSF
&PS:<SHARON>
 000005750137365367104421
 764
 0
 200000000000
 764
 134
 500000775202
 500000774040
 2
 134620615605
 3,9,0
 3,0
 10
 0
BIB
&PS:<SHERWOOD>
 001473365733022413416246
 165140
 4000
 200000000000
 13560
 1007
 500000775200
 500000774040
 0
 134554614661
 1,3,9,20,0
 3,0
 4
 1,3,7,0
APP
&PS:<SHERWOOD.BYRD>
 000721417341217210305105
 372
 0
 600000000000
 310
 23
 500000775202
 500000774040
 0
 133564177024
 0
 0
 10
 0
SAI
&PS:<SKAHN>
 000113275047071623117771
 3720
 0
 200000000000
 2260
 25
 500000775202
 500000774040
 3
 134620634675
 3,21,24,10267,9,17,0
 3,21,0
 10
 0
APP
&PS:<SOL>
 001651310153044321574450
 1440
 4000
 200000000000
 1046
 76
 500000775202
 500000774040
 1
 134620700604
 3,9,10076,10,33,0
 3,0
 10
 0
REF
&PS:<SOL.CANNED>
 
 0
 0
 600000000000
 0
 257
 500000775252
 500000000077
 1
 0
 0
 3,0
 0
 0
OPS
&PS:<SOL.LETTERS>
 
 144
 0
 600000000000
 144
 50
 500000775202
 500000000077
 2
 0
 0
 3,0
 0
 0
OPS
&PS:<SPOOL>
 
 377777000000
 0
 600000000000
 377777000000
 6
 500000775202
 500000774040
 0
 0
 0
 0
 10
 0

&PS:<SSSRC>
 
 141520
 0
 600000000000
 11610
 264
 500000770000
 500000777760
 0
 0
 0
 3,4,0
 4
 0
AUGF
&PS:<STAHL>
 000466232637151405271153
 43264
 4000
 200000000000
 2734
 31
 500000775200
 500000776060
 2
 134620721260
 3,1,16,10031,150,8,10,22,25,19,17,0
 3,0
 10
 3,19,0
DB
&PS:<STAHL.ADMIN>
 
 454
 0
 600000000000
 454
 365
 500000777700
 500000777706
 0
 0
 0
 10031,0
 0
 3,0
DB
&PS:<STAHL.DOMAINS>
 
 764
 0
 600000000000
 454
 475
 500000777700
 500000777706
 0
 0
 3,0
 3,10031,0
 0
 3,0
DB
&PS:<STAHL.MISC>
 
 372
 0
 600000000000
 372
 311
 500000775200
 500000777760
 0
 0
 0
 10031,0
 0
 0
DB
&PS:<STAHL.PUBS>
 
 62
 0
 602000000000
 62
 304
 500000777700
 500000777760
 2
 0
 0
 10031,0
 0
 0
DB
&PS:<STAHL.SIG>
 
 310
 0
 600000000000
 310
 130
 500000777700
 500000777706
 2
 0
 3,19,0
 3,10031,0
 0
 3,19,0
DB
&PS:<STAHL.SLIDES>
 
 144
 0
 602000000000
 144
 467
 500000775200
 500000777706
 2
 0
 3,0
 3,10031,0
 0
 0
DB
&PS:<STAHL.TABLES>
 
 310
 0
 600000000000
 144
 476
 500000777700
 500000777706
 0
 0
 3,0
 3,10031,0
 0
 3,0
DB
&PS:<STAHL.WHOIS>
 
 454
 0
 600000000000
 310
 474
 500000777700
 500000777706
 2
 0
 3,0
 3,10031,0
 0
 3,0
DB
&PS:<STJOHNS>
 000216156334364271735346
 1440
 0
 200000000000
 536
 356
 500000775202
 500000774040
 2
 134617731055
 34,29,30,15,0
 34,0
 10
 0
DCA
&PS:<STONE>
 002712322146077467643307
 1750
 0
 200000000000
 1750
 117
 500000775202
 500000777740
 1
 134471515274
 0
 0
 0
 0
ASSOC
&PS:<SUBSYS>
 
 377777000000
 0
 600000000000
 377777000000
 3
 500000777752
 500000777740
 0
 0
 0
 0
 10
 0

&PS:<SUE>
 001636203535202543502376
 11610
 4000
 200000000000
 11610
 33
 500000775200
 500000774040
 0
 134620620253
 3,12,16,17,8,22,25,19,0
 3,0
 4
 0
DB
&PS:<SUE.TAC>
 
 1750
 0
 600000000000
 764
 60
 500000775202
 500000777740
 2
 0
 0
 3,0
 0
 0
DB
&PS:<SULLIVAN>
 001761377201211526625605
 10624
 0
 200000000000
 10624
 460
 500000775202
 500000774040
 0
 134601734464
 0
 0
 10
 0
DCA
&PS:<SULLIVAN.XFER>
 001070614477275260414451
 764
 0
 600000000000
 764
 432
 500000775202
 500000774040
 0
 0
 0
 0
 0
 0
DCA
&PS:<SWSKIT>
 
 764
 0
 600000000000
 764
 461
 500000775202
 500000774040
 0
 0
 0
 0
 10
 0

&PS:<SYS-STAFF>
 
 11610
 0
 600000000000
 11610
 316
 500000775200
 500000775040
 0
 0
 0
 1,3,0
 5
 0
SYSF
&PS:<SYS-STAFF.ADMIN>
 
 764
 0
 600000000000
 764
 627
 500000775202
 500000774040
 0
 0
 0
 3,0
 0
 0
CF
&PS:<SYS-STAFF.PROPOSALS>
 
 764
 0
 600000000000
 764
 630
 500000775202
 500000774040
 0
 0
 0
 0
 0
 0
CF
&PS:<SYSTEM>
 
 377777000000
 0
 600000000000
 377777000000
 2
 500000777752
 500000777740
 0
 130605311446
 0
 0
 10
 0

&PS:<SYSTEM-ERROR>
 
 377777000000
 0
 600000000000
 377777000000
 11
 500000777752
 500000777740
 0
 0
 0
 0
 10
 0

&PS:<TAC-CARDS>
 
 11610
 0
 600000000000
 11610
 226
 500000777700
 500000777740
 1
 0
 0
 3,0
 0
 0
APP
&PS:<TACACS>
 
 23420
 0
 600000000000
 1750
 274
 500000777700
 500000777060
 0
 0
 0
 3,34,0
 4
 0
APP
&PS:<TOBEY>
 000017625734227116763547
 1750
 0
 600000000000
 1750
 141
 500000775202
 500000777740
 1
 131745547727
 0
 0
 0
 0
ADM
&PS:<TODD>
 000111520302172145622226
 764
 200000
 200000000000
 454
 400
 500000775202
 500000774040
 5
 134620130465
 3,10400,0
 3,0
 10
 0
OPS
&PS:<TRUDY>
 002326626770372630011335
 764
 0
 200000000000
 620
 507
 500000775202
 500000774040
 0
 134617753236
 10507,3,0
 0
 10
 0
RD
&PS:<TUTOR>
 
 60650
 0
 600000000000
 4704
 75
 500000777752
 500000777760
 0
 0
 0
 1,3,4,0
 4
 0
AUGF
&PS:<TYSON>
 002246176675264671424301
 1750
 0
 200000000000
 1750
 63
 500000775202
 500000777740
 1
 134611662154
 0
 0
 0
 0
ASSOC
&PS:<UNIVERSALS>
 
 377777000000
 0
 600000000000
 377777000000
 214
 500000777752
 500000777740
 0
 0
 0
 1,0
 5
 0
SYSF
&PS:<UREL>
 
 165140
 0
 600000000000
 13560
 256
 500000777752
 500000777740
 0
 0
 0
 3,4,0
 4
 0
AUGF
&PS:<USER-DRIVE>
 
 141520
 0
 600000000000
 11610
 70
 500000775252
 500000777777
 5
 0
 0
 3,22,12,0
 5
 0
APP
&PS:<USERGUIDES>
 
 104270
 0
 600000000000
 6654
 114
 500000777752
 500000777760
 0
 0
 0
 4,0
 4
 0
AUGF
&PS:<UTILITY>
 
 234200
 0
 600000000000
 17500
 105
 500000775200
 500000777760
 0
 0
 0
 0
 4
 0
OPERATOR
&PS:<VIC>
 002240412122176176510155
 141520
 777777000000
 200000000000
 11610
 1002
 500000775200
 500000774040
 0
 134563612275
 1,3,13,0
 3,0
 4
 1,2,3,0
ASSOC
&PS:<VIVIAN>
 000233563265103345543647
 5670
 404000
 200000000000
 4230
 234
 500000775202
 500000774040
 3
 134620613101
 3,31,0
 0
 15
 0
CF
&PS:<VIVIAN.ARCHIVE>
 
 764
 0
 600000000000
 764
 446
 500000775202
 500000774040
 0
 0
 0
 0
 0
 0
OPS
&PS:<VIVIAN.SCRIBE>
 
 144
 0
 600000000000
 144
 367
 500000775202
 500000774040
 0
 0
 0
 0
 0
 0
OPS
&PS:<VIVIAN.SDAUD>
 
 764
 0
 600000000000
 764
 203
 500000775202
 500000774040
 0
 0
 0
 0
 0
 0
CF
&PS:<VIVIAN.TBILL>
 
 764
 0
 600000000000
 764
 240
 500000775202
 500000774040
 0
 0
 0
 0
 0
 0
OPS
&PS:<WARD>
 003020111347007021003621
 3720
 0
 200000000000
 1750
 416
 500000777700
 500000774040
 0
 134620614041
 3,150,16,10,8,12,31,33,0
 3,150,0
 0
 0
DOCS
&PS:<WEIMAN>
 001053213441216215714131
 1750
 4000
 200000000000
 1356
 144
 500000775202
 500000774040
 3
 134620514641
 3,26,25,22,16,12,8,0
 3,0
 10
 0
DB
&PS:<XSUBSYS>
 
 116100
 0
 600000000000
 7640
 251
 500000777752
 500000777740
 0
 0
 0
 3,4,0
 4
 0
AUGF
&PS:<ZELLICH>
 000141630562103003245341
 3720
 0
 200000000000
 3720
 101
 500000770000
 500000777740
 2
 134613627032
 8,0
 0
 0
 0
ASSOC
